63
325 4 0 61 0
543 7 4 28 5
868 2 3 16 5
534 3 2 29 0
534 5 4 48 1
453 3 3 77 5
888 6 2 19 2
888 7 5 39 1
345 7 2 39 0
354 5 3 13 5
453 7 2 1 2
345 7 1 52 5
829 3 5 3 3
354 7 4 44 1
303 4 4 99 2
449 1 0 71 2
888 1 4 83 3
154 6 5 39 5
888 3 1 65 1
354 7 4 52 0
354 2 0 92 1
163 7 2 50 5
543 9 3 21 3
354 5 2 78 1
888 5 4 56 3
712 1 4 20 2
409 2 5 84 2
888 6 3 56 2
888 6 5 53 3
491 6 4 85 0
888 3 1 49 3
883 9 0 3 1
888 6 3 81 3
224 9 1 34 1
888 3 0 57 4
397 7 5 80 1
888 5 5 26 4
43 4 4 84 3
619 1 0 70 2
345 3 0 61 5
131 3 0 33 3
359 1 5 42 2
257 4 2 77 4
534 7 4 13 1
543 5 0 79 5
863 6 5 18 3
435 8 5 99 1
19 3 4 7 4
73 8 1 24 3
354 6 0 91 3
883 9 0 99 2
888 3 4 30 4
543 2 1 58 3
888 9 5 61 0
888 2 0 17 2
345 2 4 1 0
354 5 3 5 1
354 5 5 87 5
283 1 2 52 2
73 9 3 59 2
336 4 5 49 1
722 3 0 75 3
126 6 2 63 1